0.0 0.0 0.0 0.0 0.0 0.0 0.0 0.0 0.0 0.0 0.0 0.0 0.0 0.0 0.0 0.0 0.0 0.0 0.0 0.0 0.0 0.0 0.0 0.0 0.0 0.0 0.0 0.0 0.0 0.0 0.0 0.0 0.0 0.0 0.0 0.0 0.0 0.0 0.0 0.0 0.0 0.0 0.0 0.0 0.0 0.0 0.0 0.0 0.0 0.0 0.0 0.0 0.0 0.0 0.0 0.0 0.0 0.0 0.0 0.0 0.0 0.0 0.0 0.0 0.0 0.0 0.0 0.0 0.0 0.0 
0.0 0.0 0.0 2.253 2.253 2.253 2.253 0.0 0.0 0.0 0.0 0.0 0.0 0.0 0.0 0.0 0.0 0.0 0.0 0.0 0.0 0.0 0.0 0.0 0.0 0.0 0.0 0.0 0.0 0.0 0.0 0.0 0.0 0.0 0.0 0.0 0.0 0.0 0.0 0.0 0.0 0.0 0.0 0.0 0.0 0.0 0.0 0.0 0.0 0.0 0.0 0.0 0.0 0.0 0.0 0.0 0.0 0.0 0.0 0.0 0.0 0.0 0.0 0.0 0.0 0.0 0.0 0.0 0.0 0.0 
0.0 0.0 0.0 2.247 2.247 2.247 2.247 2.136 0.0 0.0 0.0 0.0 0.0 0.0 0.0 0.0 0.0 0.0 0.0 0.0 0.0 0.0 0.0 0.0 0.0 0.0 0.0 0.0 0.0 0.0 0.0 0.0 0.0 0.0 0.0 0.0 0.0 0.0 0.0 0.0 0.0 0.0 0.0 0.0 0.0 0.0 0.0 0.0 0.0 0.0 0.0 0.0 0.0 0.0 0.0 0.0 0.0 0.0 0.0 0.0 0.0 0.0 0.0 0.0 0.0 0.0 0.0 0.0 0.0 0.0 
0.0 0.0 0.0 2.241 2.241 2.241 2.14 2.134 2.13 0.0 0.0 0.0 0.0 0.0 0.0 0.0 0.0 0.0 0.0 0.0 0.0 0.0 0.0 0.0 0.0 0.0 0.0 0.0 0.0 0.0 0.0 0.0 0.0 0.0 0.0 0.0 0.0 0.0 0.0 0.0 0.0 0.0 0.0 0.0 0.0 0.0 0.0 0.0 0.0 0.0 0.0 0.0 0.0 0.0 0.0 0.0 0.0 0.0 0.0 0.0 0.0 0.0 0.0 0.0 0.0 0.0 0.0 0.0 0.0 0.0 
0.0 0.0 0.0 2.235 2.235 2.235 2.138 2.133 2.128 2.125 0.0 0.0 0.0 0.0 0.0 0.0 0.0 0.0 0.0 0.0 0.0 0.0 0.0 0.0 0.0 0.0 0.0 0.0 0.0 0.0 0.0 0.0 0.0 0.0 0.0 0.0 0.0 0.0 0.0 0.0 0.0 0.0 0.0 0.0 0.0 0.0 0.0 0.0 0.0 0.0 0.0 0.0 0.0 0.0 0.0 0.0 0.0 0.0 0.0 0.0 0.0 0.0 0.0 0.0 0.0 0.0 0.0 0.0 0.0 0.0 
0.0 0.0 0.0 2.23 2.23 2.23 2.137 2.131 2.126 2.122 2.121 0.0 0.0 0.0 0.0 0.0 0.0 0.0 0.0 0.0 0.0 0.0 0.0 0.0 0.0 0.0 0.0 0.0 0.0 0.0 0.0 0.0 0.0 0.0 0.0 0.0 0.0 0.0 0.0 0.0 0.0 0.0 0.0 0.0 0.0 0.0 0.0 0.0 0.0 0.0 0.0 0.0 0.0 0.0 0.0 0.0 0.0 0.0 0.0 0.0 0.0 0.0 0.0 0.0 0.0 0.0 0.0 0.0 0.0 0.0 
0.0 0.0 0.0 2.224 2.224 2.224 2.136 2.129 2.124 2.12 2.117 2.116 0.0 0.0 0.0 0.0 0.0 0.0 0.0 0.0 0.0 0.0 0.0 0.0 0.0 0.0 0.0 0.0 0.0 0.0 0.0 0.0 0.0 0.0 0.0 0.0 0.0 0.0 0.0 0.0 0.0 0.0 0.0 0.0 0.0 0.0 0.0 0.0 0.0 0.0 0.0 0.0 0.0 0.0 0.0 0.0 0.0 0.0 0.0 0.0 0.0 0.0 0.0 0.0 0.0 0.0 0.0 0.0 0.0 0.0 
0.0 0.0 0.0 2.218 2.218 2.218 2.135 2.128 2.122 2.118 2.115 2.113 0.0 0.0 0.0 0.0 0.0 0.0 0.0 0.0 0.0 0.0 0.0 0.0 0.0 0.0 0.0 0.0 0.0 0.0 0.0 0.0 0.0 0.0 0.0 0.0 0.0 0.0 0.0 0.0 0.0 0.0 0.0 0.0 0.0 0.0 0.0 0.0 0.0 0.0 0.0 0.0 0.0 0.0 0.0 0.0 0.0 0.0 0.0 0.0 0.0 0.0 0.0 0.0 0.0 0.0 0.0 0.0 0.0 0.0 
0.0 0.0 0.0 2.212 2.212 2.144 2.134 2.126 2.121 2.117 2.114 2.11 2.12 0.0 0.0 0.0 0.0 0.0 0.0 0.0 0.0 0.0 0.0 0.0 0.0 0.0 0.0 0.0 0.0 0.0 0.0 0.0 0.0 0.0 0.0 0.0 0.0 0.0 0.0 0.0 0.0 0.0 0.0 0.0 0.0 0.0 0.0 0.0 0.0 0.0 0.0 0.0 0.0 0.0 0.0 0.0 0.0 0.0 0.0 0.0 0.0 0.0 0.0 0.0 0.0 0.0 0.0 0.0 0.0 0.0 
0.0 0.0 0.0 2.206 2.206 2.144 2.134 2.126 2.121 2.117 2.113 2.109 2.106 2.113 0.0 0.0 0.0 0.0 0.0 0.0 0.0 0.0 0.0 0.0 0.0 0.0 0.0 0.0 0.0 0.0 0.0 0.0 0.0 0.0 0.0 0.0 0.0 0.0 0.0 0.0 0.0 0.0 0.0 0.0 0.0 0.0 0.0 0.0 0.0 0.0 0.0 0.0 0.0 0.0 0.0 0.0 0.0 0.0 0.0 0.0 0.0 0.0 0.0 0.0 0.0 0.0 0.0 0.0 0.0 0.0 
0.0 0.0 0.0 2.201 2.201 2.144 2.134 2.126 2.121 2.116 2.112 2.108 2.104 2.101 2.108 2.094 0.0 0.0 0.0 0.0 0.0 0.0 0.0 0.0 0.0 0.0 0.0 0.0 0.0 0.0 0.0 0.0 0.0 0.0 0.0 0.0 0.0 0.0 0.0 0.0 0.0 0.0 0.0 0.0 0.0 0.0 0.0 0.0 0.0 0.0 0.0 0.0 0.0 0.0 0.0 0.0 0.0 0.0 0.0 0.0 0.0 0.0 0.0 0.0 0.0 0.0 0.0 0.0 0.0 0.0 
0.0 0.0 0.0 2.195 2.195 2.144 2.135 2.126 2.121 2.116 2.111 2.107 2.103 2.1 2.097 2.103 0.0 0.0 0.0 0.0 0.0 0.0 0.0 0.0 0.0 0.0 0.0 0.0 0.0 0.0 0.0 0.0 0.0 0.0 0.0 0.0 0.0 0.0 0.0 0.0 0.0 0.0 0.0 0.0 0.0 0.0 0.0 0.0 0.0 0.0 0.0 0.0 0.0 0.0 0.0 0.0 0.0 0.0 0.0 0.0 0.0 0.0 0.0 0.0 0.0 0.0 0.0 0.0 0.0 0.0 
0.0 0.0 0.0 2.189 2.189 2.145 2.136 2.127 2.121 2.116 2.111 2.106 2.102 2.098 2.095 2.092 2.098 0.0 0.0 0.0 0.0 0.0 0.0 0.0 0.0 0.0 0.0 0.0 0.0 0.0 0.0 0.0 0.0 0.0 0.0 0.0 0.0 0.0 0.0 0.0 0.0 0.0 0.0 0.0 0.0 0.0 0.0 0.0 0.0 0.0 0.0 0.0 0.0 0.0 0.0 0.0 0.0 0.0 0.0 0.0 0.0 0.0 0.0 0.0 0.0 0.0 0.0 0.0 0.0 0.0 
0.0 0.0 0.0 2.184 2.184 2.184 2.137 2.128 2.122 2.116 2.111 2.106 2.102 2.098 2.094 2.09 2.088 2.093 0.0 0.0 0.0 0.0 0.0 0.0 0.0 0.0 0.0 0.0 0.0 0.0 0.0 0.0 0.0 0.0 0.0 0.0 0.0 0.0 0.0 0.0 0.0 0.0 0.0 0.0 0.0 0.0 0.0 0.0 0.0 0.0 0.0 0.0 0.0 0.0 0.0 0.0 0.0 0.0 0.0 0.0 0.0 0.0 0.0 0.0 0.0 0.0 0.0 0.0 0.0 0.0 
0.0 0.0 0.0 2.178 2.178 2.178 2.139 2.129 2.122 2.116 2.111 2.106 2.102 2.097 2.093 2.089 2.086 2.083 2.08 2.085 2.08 2.077 2.069 2.066 2.064 0.0 0.0 0.0 0.0 0.0 0.0 0.0 0.0 0.0 0.0 0.0 0.0 0.0 0.0 0.0 0.0 0.0 0.0 0.0 0.0 0.0 0.0 0.0 0.0 0.0 0.0 0.0 0.0 0.0 0.0 0.0 0.0 0.0 0.0 0.0 0.0 0.0 0.0 0.0 0.0 0.0 0.0 0.0 0.0 0.0 
0.0 0.0 0.0 2.173 2.173 2.173 2.173 2.131 2.123 2.117 2.111 2.106 2.102 2.097 2.093 2.089 2.085 2.081 2.078 2.076 2.08 2.077 2.073 2.07 2.064 2.061 2.059 0.0 0.0 0.0 0.0 0.0 0.0 0.0 0.0 0.0 0.0 0.0 0.0 0.0 0.0 0.0 0.0 0.0 0.0 0.0 0.0 0.0 0.0 0.0 0.0 0.0 0.0 0.0 0.0 0.0 0.0 0.0 0.0 0.0 0.0 0.0 0.0 0.0 0.0 0.0 0.0 0.0 0.0 0.0 
0.0 0.0 0.0 2.167 2.167 2.167 2.167 2.135 2.125 2.118 2.112 2.106 2.102 2.097 2.092 2.088 2.084 2.08 2.077 2.074 2.071 2.069 2.073 2.07 2.066 2.063 2.06 0.0 0.0 0.0 0.0 0.0 0.0 0.0 0.0 0.0 0.0 0.0 0.0 0.0 0.0 0.0 0.0 0.0 0.0 0.0 0.0 0.0 0.0 0.0 0.0 0.0 0.0 0.0 0.0 0.0 0.0 0.0 0.0 0.0 0.0 0.0 0.0 0.0 0.0 0.0 0.0 0.0 0.0 0.0 
0.0 0.0 0.0 2.162 2.162 2.162 2.162 2.162 2.127 2.119 2.112 2.107 2.102 2.097 2.092 2.088 2.084 2.08 2.076 2.073 2.07 2.067 2.064 2.062 2.059 2.056 2.054 2.052 0.0 0.0 0.0 0.0 0.0 0.0 0.0 0.0 0.0 0.0 0.0 0.0 0.0 0.0 0.0 0.0 0.0 0.0 0.0 0.0 0.0 0.0 0.0 0.0 0.0 0.0 0.0 0.0 0.0 0.0 0.0 0.0 0.0 0.0 0.0 0.0 0.0 0.0 0.0 0.0 0.0 0.0 
0.0 0.0 0.0 0.0 2.156 2.156 2.156 2.156 2.156 2.121 2.113 2.107 2.101 2.097 2.092 2.088 2.083 2.079 2.075 2.072 2.069 2.066 2.063 2.06 2.057 2.055 2.052 2.05 2.048 0.0 0.0 0.0 0.0 0.0 0.0 0.0 0.0 0.0 0.0 0.0 0.0 0.0 0.0 0.0 0.0 0.0 0.0 0.0 0.0 0.0 0.0 0.0 0.0 0.0 0.0 0.0 0.0 0.0 0.0 0.0 0.0 0.0 0.0 0.0 0.0 0.0 0.0 0.0 0.0 0.0 
0.0 0.0 0.0 0.0 0.0 2.151 2.151 2.151 2.151 2.151 2.114 2.107 2.101 2.096 2.092 2.087 2.083 2.079 2.075 2.071 2.068 2.065 2.061 2.059 2.056 2.053 2.051 2.048 2.046 2.044 2.042 2.041 2.039 2.038 2.037 2.036 2.035 2.034 2.033 0.0 0.0 0.0 0.0 0.0 0.0 0.0 0.0 0.0 0.0 0.0 0.0 0.0 0.0 0.0 0.0 0.0 0.0 0.0 0.0 0.0 0.0 0.0 0.0 0.0 0.0 0.0 0.0 0.0 0.0 0.0 
0.0 0.0 0.0 0.0 0.0 0.0 2.145 2.145 2.145 2.145 2.145 2.108 2.102 2.096 2.091 2.087 2.082 2.078 2.074 2.07 2.067 2.063 2.06 2.057 2.054 2.052 2.049 2.047 2.044 2.042 2.04 2.038 2.037 2.036 2.035 2.033 2.032 2.031 2.031 2.03 2.029 0.0 0.0 0.0 0.0 0.0 0.0 0.0 0.0 0.0 0.0 0.0 0.0 0.0 0.0 0.0 0.0 0.0 0.0 0.0 0.0 0.0 0.0 0.0 0.0 0.0 0.0 0.0 0.0 0.0 
0.0 0.0 0.0 0.0 0.0 0.0 0.0 2.14 2.14 2.14 2.14 2.112 2.103 2.097 2.091 2.086 2.082 2.077 2.073 2.07 2.066 2.062 2.059 2.056 2.053 2.05 2.048 2.045 2.043 2.04 2.039 2.037 2.035 2.034 2.033 2.031 2.03 2.029 2.028 2.028 2.027 0.0 0.0 0.0 0.0 0.0 0.0 0.0 0.0 0.0 0.0 0.0 0.0 0.0 0.0 0.0 0.0 0.0 0.0 0.0 0.0 0.0 0.0 0.0 0.0 0.0 0.0 0.0 0.0 0.0 
0.0 0.0 0.0 0.0 0.0 0.0 0.0 0.0 2.134 2.134 2.134 2.134 2.106 2.097 2.091 2.086 2.081 2.077 2.073 2.069 2.065 2.062 2.058 2.055 2.052 2.049 2.046 2.044 2.041 2.039 2.037 2.035 2.033 2.032 2.03 2.029 2.028 2.027 2.026 2.025 2.025 2.024 0.0 0.0 0.0 0.0 0.0 0.0 0.0 0.0 0.0 0.0 0.0 0.0 0.0 0.0 0.0 0.0 0.0 0.0 0.0 0.0 0.0 0.0 0.0 0.0 0.0 0.0 0.0 0.0 
0.0 0.0 0.0 0.0 0.0 0.0 0.0 0.0 0.0 2.129 2.129 2.129 2.129 2.1 2.092 2.086 2.081 2.076 2.072 2.068 2.064 2.06 2.057 2.054 2.05 2.047 2.045 2.042 2.04 2.037 2.035 2.033 2.031 2.03 2.028 2.027 2.026 2.025 2.024 2.023 2.022 2.022 0.0 0.0 0.0 0.0 0.0 0.0 0.0 0.0 0.0 0.0 0.0 0.0 0.0 0.0 0.0 0.0 0.0 0.0 0.0 0.0 0.0 0.0 0.0 0.0 0.0 0.0 0.0 0.0 
0.0 0.0 0.0 0.0 0.0 0.0 0.0 0.0 0.0 0.0 2.124 2.124 2.124 2.124 2.094 2.086 2.08 2.076 2.071 2.067 2.062 2.059 2.055 2.052 2.049 2.046 2.043 2.04 2.038 2.035 2.033 2.031 2.029 2.028 2.026 2.025 2.024 2.023 2.022 2.021 2.02 2.02 0.0 0.0 0.0 0.0 0.0 0.0 0.0 0.0 0.0 0.0 0.0 0.0 0.0 0.0 0.0 0.0 0.0 0.0 0.0 0.0 0.0 0.0 0.0 0.0 0.0 0.0 0.0 0.0 
0.0 0.0 0.0 0.0 0.0 0.0 0.0 0.0 0.0 0.0 0.0 2.118 2.118 2.118 2.118 2.088 2.081 2.075 2.07 2.066 2.061 2.057 2.054 2.051 2.047 2.044 2.041 2.039 2.036 2.034 2.032 2.03 2.028 2.026 2.024 2.023 2.022 2.021 2.02 2.019 2.018 2.017 0.0 0.0 0.0 0.0 0.0 0.0 0.0 0.0 0.0 0.0 0.0 0.0 0.0 0.0 0.0 0.0 0.0 0.0 0.0 0.0 0.0 0.0 0.0 0.0 0.0 0.0 0.0 0.0 
0.0 0.0 0.0 0.0 0.0 0.0 0.0 0.0 0.0 0.0 0.0 0.0 2.113 2.113 2.113 2.113 2.082 2.075 2.07 2.065 2.06 2.056 2.053 2.049 2.046 2.043 2.04 2.037 2.034 2.032 2.03 2.028 2.026 2.024 2.022 2.021 2.02 2.019 2.018 2.017 2.016 2.015 0.0 0.0 0.0 0.0 0.0 0.0 0.0 0.0 0.0 0.0 0.0 0.0 0.0 0.0 0.0 0.0 0.0 0.0 0.0 0.0 0.0 0.0 0.0 0.0 0.0 0.0 0.0 0.0 
0.0 0.0 0.0 0.0 0.0 0.0 0.0 0.0 0.0 0.0 0.0 0.0 0.0 2.108 2.108 2.108 2.108 2.076 2.07 2.064 2.06 2.055 2.051 2.048 2.044 2.041 2.038 2.035 2.033 2.03 2.028 2.026 2.024 2.022 2.021 2.019 2.018 2.017 2.016 2.015 2.014 2.013 0.0 0.0 0.0 0.0 0.0 0.0 0.0 0.0 0.0 0.0 0.0 0.0 0.0 0.0 0.0 0.0 0.0 0.0 0.0 0.0 0.0 0.0 0.0 0.0 0.0 0.0 0.0 0.0 
0.0 0.0 0.0 0.0 0.0 0.0 0.0 0.0 0.0 0.0 0.0 0.0 0.0 0.0 2.103 2.103 2.103 2.079 2.07 2.064 2.059 2.054 2.05 2.046 2.043 2.039 2.036 2.034 2.031 2.029 2.026 2.024 2.022 2.02 2.019 2.017 2.016 2.015 2.014 2.013 2.012 2.011 0.0 0.0 0.0 0.0 0.0 0.0 0.0 0.0 0.0 0.0 0.0 0.0 0.0 0.0 0.0 0.0 0.0 0.0 0.0 0.0 0.0 0.0 0.0 0.0 0.0 0.0 0.0 0.0 
0.0 0.0 0.0 0.0 0.0 0.0 0.0 0.0 0.0 0.0 0.0 0.0 0.0 0.0 0.0 2.098 2.098 2.098 2.073 2.064 2.058 2.053 2.049 2.045 2.041 2.038 2.035 2.032 2.029 2.027 2.024 2.022 2.02 2.018 2.017 2.015 2.014 2.012 2.011 2.01 2.009 2.009 0.0 0.0 0.0 0.0 0.0 0.0 0.0 0.0 0.0 0.0 0.0 0.0 0.0 0.0 0.0 0.0 0.0 0.0 0.0 0.0 0.0 0.0 0.0 0.0 0.0 0.0 0.0 0.0 
0.0 0.0 0.0 0.0 0.0 0.0 0.0 0.0 0.0 0.0 0.0 0.0 0.0 0.0 0.0 0.0 2.092 2.092 2.092 2.066 2.058 2.052 2.048 2.044 2.04 2.037 2.034 2.031 2.028 2.025 2.023 2.02 2.018 2.016 2.015 2.013 2.012 2.01 2.009 2.008 2.007 2.006 0.0 0.0 0.0 0.0 0.0 0.0 0.0 0.0 0.0 0.0 0.0 0.0 0.0 0.0 0.0 0.0 0.0 0.0 0.0 0.0 0.0 0.0 0.0 0.0 0.0 0.0 0.0 0.0 
0.0 0.0 0.0 0.0 0.0 0.0 0.0 0.0 0.0 0.0 0.0 0.0 0.0 0.0 0.0 0.0 0.0 2.087 2.087 2.087 2.059 2.052 2.047 2.043 2.039 2.035 2.032 2.029 2.026 2.023 2.021 2.019 2.017 2.015 2.013 2.011 2.01 2.008 2.007 2.006 2.005 2.004 0.0 0.0 0.0 0.0 0.0 0.0 0.0 0.0 0.0 0.0 0.0 0.0 0.0 0.0 0.0 0.0 0.0 0.0 0.0 0.0 0.0 0.0 0.0 0.0 0.0 0.0 0.0 0.0 
0.0 0.0 0.0 0.0 0.0 0.0 0.0 0.0 0.0 0.0 0.0 0.0 0.0 0.0 0.0 0.0 0.0 2.082 2.082 2.082 2.082 2.053 2.047 2.042 2.038 2.034 2.031 2.028 2.025 2.022 2.02 2.017 2.015 2.013 2.011 2.009 2.008 2.006 2.005 2.004 2.003 2.002 2.001 0.0 0.0 0.0 0.0 0.0 0.0 0.0 0.0 0.0 0.0 0.0 0.0 0.0 0.0 0.0 0.0 0.0 0.0 0.0 0.0 0.0 0.0 0.0 0.0 0.0 0.0 0.0 
0.0 0.0 0.0 0.0 0.0 0.0 0.0 0.0 0.0 0.0 0.0 0.0 0.0 0.0 0.0 0.0 0.0 0.0 2.077 2.077 2.077 2.057 2.047 2.041 2.037 2.033 2.03 2.026 2.024 2.021 2.018 2.016 2.013 2.011 2.009 2.007 2.006 2.004 2.003 2.001 2.0 1.999 1.998 1.997 0.0 0.0 0.0 0.0 0.0 0.0 0.0 0.0 0.0 0.0 0.0 0.0 0.0 0.0 0.0 0.0 0.0 0.0 0.0 0.0 0.0 0.0 0.0 0.0 0.0 0.0 
0.0 0.0 0.0 0.0 0.0 0.0 0.0 0.0 0.0 0.0 0.0 0.0 0.0 0.0 0.0 0.0 0.0 0.0 0.0 2.072 2.072 2.072 2.049 2.042 2.036 2.032 2.029 2.025 2.022 2.019 2.016 2.014 2.012 2.009 2.007 2.005 2.004 2.002 2.0 1.999 1.998 1.997 1.996 1.995 1.994 0.0 0.0 0.0 0.0 0.0 0.0 0.0 0.0 0.0 0.0 0.0 0.0 0.0 0.0 0.0 0.0 0.0 0.0 0.0 0.0 0.0 0.0 0.0 0.0 0.0 
0.0 0.0 0.0 0.0 0.0 0.0 0.0 0.0 0.0 0.0 0.0 0.0 0.0 0.0 0.0 0.0 0.0 0.0 0.0 0.0 2.067 2.067 2.067 2.042 2.036 2.031 2.028 2.024 2.021 2.018 2.015 2.012 2.01 2.008 2.006 2.004 2.002 2.0 1.998 1.997 1.996 1.994 1.993 1.992 1.992 1.991 0.0 0.0 0.0 0.0 0.0 0.0 0.0 0.0 0.0 0.0 0.0 0.0 0.0 0.0 0.0 0.0 0.0 0.0 0.0 0.0 0.0 0.0 0.0 0.0 
0.0 0.0 0.0 0.0 0.0 0.0 0.0 0.0 0.0 0.0 0.0 0.0 0.0 0.0 0.0 0.0 0.0 0.0 0.0 0.0 0.0 2.062 2.062 2.062 2.037 2.031 2.027 2.023 2.02 2.017 2.014 2.011 2.009 2.006 2.004 2.002 2.0 1.998 1.997 1.995 1.993 1.992 1.991 1.99 1.989 1.988 1.988 0.0 0.0 0.0 0.0 0.0 0.0 0.0 0.0 0.0 0.0 0.0 0.0 0.0 0.0 0.0 0.0 0.0 0.0 0.0 0.0 0.0 0.0 0.0 
0.0 0.0 0.0 0.0 0.0 0.0 0.0 0.0 0.0 0.0 0.0 0.0 0.0 0.0 0.0 0.0 0.0 0.0 0.0 0.0 0.0 2.057 2.057 2.057 2.057 2.031 2.027 2.022 2.019 2.016 2.013 2.01 2.007 2.005 2.003 2.0 1.998 1.997 1.995 1.993 1.991 1.99 1.989 1.988 1.987 1.986 1.985 1.984 0.0 0.0 0.0 0.0 0.0 0.0 0.0 0.0 0.0 0.0 0.0 0.0 0.0 0.0 0.0 0.0 0.0 0.0 0.0 0.0 0.0 0.0 
0.0 0.0 0.0 0.0 0.0 0.0 0.0 0.0 0.0 0.0 0.0 0.0 0.0 0.0 0.0 0.0 0.0 0.0 0.0 0.0 0.0 0.0 2.052 2.052 2.052 2.035 2.027 2.022 2.018 2.015 2.011 2.009 2.006 2.004 2.001 1.999 1.997 1.995 1.993 1.991 1.99 1.988 1.987 1.986 1.985 1.984 1.983 1.982 1.981 0.0 0.0 0.0 0.0 0.0 0.0 0.0 0.0 0.0 0.0 0.0 0.0 0.0 0.0 0.0 0.0 0.0 0.0 0.0 0.0 0.0 
0.0 0.0 0.0 0.0 0.0 0.0 0.0 0.0 0.0 0.0 0.0 0.0 0.0 0.0 0.0 0.0 0.0 0.0 0.0 0.0 0.0 0.0 2.047 2.047 2.047 2.047 2.029 2.022 2.017 2.014 2.01 2.007 2.005 2.002 2.0 1.997 1.995 1.993 1.991 1.99 1.988 1.986 1.985 1.983 1.982 1.981 1.98 1.98 1.979 1.978 0.0 0.0 0.0 0.0 0.0 0.0 0.0 0.0 0.0 0.0 0.0 0.0 0.0 0.0 0.0 0.0 0.0 0.0 0.0 0.0 
0.0 0.0 0.0 0.0 0.0 0.0 0.0 0.0 0.0 0.0 0.0 0.0 0.0 0.0 0.0 0.0 0.0 0.0 0.0 0.0 0.0 0.0 2.042 2.042 2.042 2.042 2.042 2.024 2.017 2.013 2.009 2.006 2.003 2.001 1.998 1.996 1.994 1.992 1.99 1.988 1.986 1.984 1.983 1.981 1.98 1.979 1.978 1.977 1.977 1.976 1.975 0.0 0.0 0.0 0.0 0.0 0.0 0.0 0.0 0.0 0.0 0.0 0.0 0.0 0.0 0.0 0.0 0.0 0.0 0.0 
0.0 0.0 0.0 0.0 0.0 0.0 0.0 0.0 0.0 0.0 0.0 0.0 0.0 0.0 0.0 0.0 0.0 0.0 0.0 0.0 0.0 0.0 2.037 2.037 2.037 2.037 2.037 2.037 2.019 2.013 2.009 2.005 2.002 1.999 1.997 1.994 1.992 1.99 1.988 1.986 1.984 1.983 1.981 1.979 1.978 1.977 1.976 1.975 1.974 1.973 1.973 1.972 0.0 0.0 0.0 0.0 0.0 0.0 0.0 0.0 0.0 0.0 0.0 0.0 0.0 0.0 0.0 0.0 0.0 0.0 
0.0 0.0 0.0 0.0 0.0 0.0 0.0 0.0 0.0 0.0 0.0 0.0 0.0 0.0 0.0 0.0 0.0 0.0 0.0 0.0 0.0 0.0 0.0 2.032 2.032 2.032 2.032 2.032 2.032 2.014 2.009 2.005 2.001 1.998 1.996 1.993 1.991 1.988 1.986 1.984 1.982 1.981 1.979 1.978 1.976 1.975 1.974 1.973 1.972 1.971 1.97 1.97 1.969 0.0 0.0 0.0 0.0 0.0 0.0 0.0 0.0 0.0 0.0 0.0 0.0 0.0 0.0 0.0 0.0 0.0 
0.0 0.0 0.0 0.0 0.0 0.0 0.0 0.0 0.0 0.0 0.0 0.0 0.0 0.0 0.0 0.0 0.0 0.0 0.0 0.0 0.0 0.0 0.0 0.0 2.028 2.028 2.028 2.028 2.028 2.028 2.01 2.005 2.001 1.997 1.995 1.992 1.989 1.987 1.985 1.983 1.981 1.979 1.977 1.976 1.974 1.973 1.971 1.97 1.969 1.969 1.968 1.967 1.967 0.0 0.0 0.0 0.0 0.0 0.0 0.0 0.0 0.0 0.0 0.0 0.0 0.0 0.0 0.0 0.0 0.0 
0.0 0.0 0.0 0.0 0.0 0.0 0.0 0.0 0.0 0.0 0.0 0.0 0.0 0.0 0.0 0.0 0.0 0.0 0.0 0.0 0.0 0.0 0.0 0.0 0.0 0.0 2.023 2.023 2.023 2.023 2.023 2.006 2.001 1.997 1.994 1.991 1.988 1.986 1.983 1.981 1.979 1.977 1.976 1.974 1.972 1.971 1.969 1.968 1.967 1.966 1.966 1.965 1.964 1.964 1.963 0.0 0.0 0.0 0.0 0.0 0.0 0.0 0.0 0.0 0.0 0.0 0.0 0.0 0.0 0.0 
0.0 0.0 0.0 0.0 0.0 0.0 0.0 0.0 0.0 0.0 0.0 0.0 0.0 0.0 0.0 0.0 0.0 0.0 0.0 0.0 0.0 0.0 0.0 0.0 0.0 0.0 0.0 2.018 2.018 2.018 2.018 2.018 2.002 1.997 1.994 1.99 1.987 1.985 1.982 1.98 1.978 1.976 1.974 1.972 1.971 1.969 1.967 1.966 1.965 1.964 1.963 1.962 1.962 1.961 1.961 1.96 0.0 0.0 0.0 0.0 0.0 0.0 0.0 0.0 0.0 0.0 0.0 0.0 0.0 0.0 
0.0 0.0 0.0 0.0 0.0 0.0 0.0 0.0 0.0 0.0 0.0 0.0 0.0 0.0 0.0 0.0 0.0 0.0 0.0 0.0 0.0 0.0 0.0 0.0 0.0 0.0 0.0 2.013 2.013 2.013 2.013 2.013 2.013 1.999 1.994 1.99 1.986 1.984 1.981 1.979 1.976 1.974 1.972 1.971 1.969 1.967 1.965 1.964 1.962 1.961 1.96 1.96 1.959 1.958 1.958 1.957 1.957 0.0 0.0 0.0 0.0 0.0 0.0 0.0 0.0 0.0 0.0 0.0 0.0 0.0 
0.0 0.0 0.0 0.0 0.0 0.0 0.0 0.0 0.0 0.0 0.0 0.0 0.0 0.0 0.0 0.0 0.0 0.0 0.0 0.0 0.0 0.0 0.0 0.0 0.0 0.0 0.0 0.0 2.008 2.008 2.008 2.008 2.008 2.008 1.995 1.99 1.986 1.983 1.98 1.978 1.975 1.973 1.971 1.969 1.967 1.965 1.964 1.962 1.96 1.959 1.958 1.957 1.956 1.956 1.955 1.955 1.954 0.0 0.0 0.0 0.0 0.0 0.0 0.0 0.0 0.0 0.0 0.0 0.0 0.0 
0.0 0.0 0.0 0.0 0.0 0.0 0.0 0.0 0.0 0.0 0.0 0.0 0.0 0.0 0.0 0.0 0.0 0.0 0.0 0.0 0.0 0.0 0.0 0.0 0.0 0.0 0.0 0.0 0.0 2.004 2.004 2.004 2.004 2.004 2.004 1.992 1.986 1.983 1.98 1.977 1.974 1.972 1.969 1.967 1.966 1.964 1.962 1.96 1.958 1.957 1.956 1.954 1.953 1.953 1.952 1.952 1.951 1.951 1.951 0.0 0.0 0.0 0.0 0.0 0.0 0.0 0.0 0.0 0.0 0.0 
0.0 0.0 0.0 0.0 0.0 0.0 0.0 0.0 0.0 0.0 0.0 0.0 0.0 0.0 0.0 0.0 0.0 0.0 0.0 0.0 0.0 0.0 0.0 0.0 0.0 0.0 0.0 0.0 0.0 0.0 0.0 0.0 0.0 0.0 1.999 1.999 1.989 1.983 1.98 1.976 1.973 1.971 1.968 1.966 1.964 1.962 1.96 1.958 1.957 1.955 1.953 1.952 1.951 1.95 1.949 1.949 1.948 1.948 1.948 1.948 0.0 0.0 0.0 0.0 0.0 0.0 0.0 0.0 0.0 0.0 
0.0 0.0 0.0 0.0 0.0 0.0 0.0 0.0 0.0 0.0 0.0 0.0 0.0 0.0 0.0 0.0 0.0 0.0 0.0 0.0 0.0 0.0 0.0 0.0 0.0 0.0 0.0 0.0 0.0 0.0 0.0 0.0 0.0 0.0 0.0 0.0 1.994 1.994 1.981 1.976 1.973 1.97 1.967 1.965 1.963 1.961 1.959 1.957 1.955 1.953 1.951 1.95 1.949 1.947 1.947 1.946 1.945 1.945 1.945 1.944 1.944 0.0 0.0 0.0 0.0 0.0 0.0 0.0 0.0 0.0 
0.0 0.0 0.0 0.0 0.0 0.0 0.0 0.0 0.0 0.0 0.0 0.0 0.0 0.0 0.0 0.0 0.0 0.0 0.0 0.0 0.0 0.0 0.0 0.0 0.0 0.0 0.0 0.0 0.0 0.0 0.0 0.0 0.0 0.0 0.0 0.0 1.99 1.99 1.99 1.978 1.973 1.97 1.967 1.964 1.962 1.96 1.957 1.955 1.953 1.952 1.95 1.948 1.946 1.945 1.944 1.943 1.943 1.942 1.942 1.941 1.941 1.941 0.0 0.0 0.0 0.0 0.0 0.0 0.0 0.0 
0.0 0.0 0.0 0.0 0.0 0.0 0.0 0.0 0.0 0.0 0.0 0.0 0.0 0.0 0.0 0.0 0.0 0.0 0.0 0.0 0.0 0.0 0.0 0.0 0.0 0.0 0.0 0.0 0.0 0.0 0.0 0.0 0.0 0.0 0.0 0.0 0.0 1.985 1.985 1.985 1.975 1.97 1.967 1.964 1.961 1.959 1.956 1.954 1.952 1.95 1.948 1.946 1.945 1.943 1.942 1.94 1.94 1.939 1.939 1.938 1.938 1.938 1.938 0.0 0.0 0.0 0.0 0.0 0.0 0.0 
0.0 0.0 0.0 0.0 0.0 0.0 0.0 0.0 0.0 0.0 0.0 0.0 0.0 0.0 0.0 0.0 0.0 0.0 0.0 0.0 0.0 0.0 0.0 0.0 0.0 0.0 0.0 0.0 0.0 0.0 0.0 0.0 0.0 0.0 0.0 0.0 0.0 0.0 1.98 1.98 1.98 1.98 1.968 1.964 1.961 1.958 1.955 1.953 1.951 1.949 1.947 1.945 1.943 1.941 1.94 1.938 1.937 1.936 1.936 1.935 1.935 1.935 1.934 1.934 0.0 0.0 0.0 0.0 0.0 0.0 
0.0 0.0 0.0 0.0 0.0 0.0 0.0 0.0 0.0 0.0 0.0 0.0 0.0 0.0 0.0 0.0 0.0 0.0 0.0 0.0 0.0 0.0 0.0 0.0 0.0 0.0 0.0 0.0 0.0 0.0 0.0 0.0 0.0 0.0 0.0 0.0 0.0 0.0 0.0 0.0 1.976 1.976 1.976 1.965 1.961 1.958 1.955 1.952 1.95 1.948 1.945 1.943 1.942 1.94 1.938 1.936 1.935 1.934 1.933 1.932 1.932 1.932 1.931 1.931 1.931 0.0 0.0 0.0 0.0 0.0 
0.0 0.0 0.0 0.0 0.0 0.0 0.0 0.0 0.0 0.0 0.0 0.0 0.0 0.0 0.0 0.0 0.0 0.0 0.0 0.0 0.0 0.0 0.0 0.0 0.0 0.0 0.0 0.0 0.0 0.0 0.0 0.0 0.0 0.0 0.0 0.0 0.0 0.0 0.0 0.0 0.0 1.971 1.971 1.971 1.971 1.959 1.955 1.952 1.949 1.947 1.945 1.942 1.94 1.938 1.936 1.935 1.933 1.932 1.93 1.93 1.929 1.929 1.928 1.928 1.928 1.928 0.0 0.0 0.0 0.0 
0.0 0.0 0.0 0.0 0.0 0.0 0.0 0.0 0.0 0.0 0.0 0.0 0.0 0.0 0.0 0.0 0.0 0.0 0.0 0.0 0.0 0.0 0.0 0.0 0.0 0.0 0.0 0.0 0.0 0.0 0.0 0.0 0.0 0.0 0.0 0.0 0.0 0.0 0.0 0.0 0.0 0.0 1.967 1.967 1.967 1.967 1.956 1.953 1.949 1.947 1.944 1.942 1.939 1.937 1.935 1.933 1.932 1.93 1.929 1.927 1.927 1.926 1.925 1.925 1.925 1.924 1.924 0.0 0.0 0.0 
0.0 0.0 0.0 0.0 0.0 0.0 0.0 0.0 0.0 0.0 0.0 0.0 0.0 0.0 0.0 0.0 0.0 0.0 0.0 0.0 0.0 0.0 0.0 0.0 0.0 0.0 0.0 0.0 0.0 0.0 0.0 0.0 0.0 0.0 0.0 0.0 0.0 0.0 0.0 0.0 0.0 0.0 0.0 1.962 1.962 1.962 1.962 1.962 1.95 1.947 1.944 1.941 1.939 1.936 1.934 1.932 1.93 1.929 1.927 1.926 1.925 1.924 1.923 1.922 1.922 1.921 1.921 0.0 0.0 0.0 
0.0 0.0 0.0 0.0 0.0 0.0 0.0 0.0 0.0 0.0 0.0 0.0 0.0 0.0 0.0 0.0 0.0 0.0 0.0 0.0 0.0 0.0 0.0 0.0 0.0 0.0 0.0 0.0 0.0 0.0 0.0 0.0 0.0 0.0 0.0 0.0 0.0 0.0 0.0 0.0 0.0 0.0 0.0 0.0 1.958 1.958 1.958 1.958 1.958 1.948 1.944 1.941 1.938 1.936 1.933 1.931 1.929 1.928 1.926 1.924 1.923 1.922 1.921 1.92 1.919 1.919 1.918 0.0 0.0 0.0 
0.0 0.0 0.0 0.0 0.0 0.0 0.0 0.0 0.0 0.0 0.0 0.0 0.0 0.0 0.0 0.0 0.0 0.0 0.0 0.0 0.0 0.0 0.0 0.0 0.0 0.0 0.0 0.0 0.0 0.0 0.0 0.0 0.0 0.0 0.0 0.0 0.0 0.0 0.0 0.0 0.0 0.0 0.0 0.0 0.0 0.0 0.0 0.0 0.0 1.953 1.953 1.942 1.939 1.936 1.933 1.931 1.929 1.927 1.925 1.923 1.922 1.92 1.919 1.918 1.917 1.916 1.916 1.915 0.0 0.0 
0.0 0.0 0.0 0.0 0.0 0.0 0.0 0.0 0.0 0.0 0.0 0.0 0.0 0.0 0.0 0.0 0.0 0.0 0.0 0.0 0.0 0.0 0.0 0.0 0.0 0.0 0.0 0.0 0.0 0.0 0.0 0.0 0.0 0.0 0.0 0.0 0.0 0.0 0.0 0.0 0.0 0.0 0.0 0.0 0.0 0.0 0.0 0.0 0.0 0.0 0.0 1.949 1.94 1.936 1.933 1.931 1.928 1.926 1.924 1.922 1.921 1.919 1.918 1.916 1.915 1.914 1.914 1.913 0.0 0.0 
0.0 0.0 0.0 0.0 0.0 0.0 0.0 0.0 0.0 0.0 0.0 0.0 0.0 0.0 0.0 0.0 0.0 0.0 0.0 0.0 0.0 0.0 0.0 0.0 0.0 0.0 0.0 0.0 0.0 0.0 0.0 0.0 0.0 0.0 0.0 0.0 0.0 0.0 0.0 0.0 0.0 0.0 0.0 0.0 0.0 0.0 0.0 0.0 0.0 0.0 0.0 1.944 1.944 1.944 1.934 1.931 1.928 1.926 1.924 1.922 1.92 1.918 1.917 1.915 1.914 1.913 1.912 1.911 1.911 0.0 
0.0 0.0 0.0 0.0 0.0 0.0 0.0 0.0 0.0 0.0 0.0 0.0 0.0 0.0 0.0 0.0 0.0 0.0 0.0 0.0 0.0 0.0 0.0 0.0 0.0 0.0 0.0 0.0 0.0 0.0 0.0 0.0 0.0 0.0 0.0 0.0 0.0 0.0 0.0 0.0 0.0 0.0 0.0 0.0 0.0 0.0 0.0 0.0 0.0 0.0 0.0 0.0 1.94 1.94 1.94 1.94 1.929 1.926 1.924 1.922 1.92 1.918 1.916 1.915 1.913 1.912 1.911 1.91 1.909 0.0 
0.0 0.0 0.0 0.0 0.0 0.0 0.0 0.0 0.0 0.0 0.0 0.0 0.0 0.0 0.0 0.0 0.0 0.0 0.0 0.0 0.0 0.0 0.0 0.0 0.0 0.0 0.0 0.0 0.0 0.0 0.0 0.0 0.0 0.0 0.0 0.0 0.0 0.0 0.0 0.0 0.0 0.0 0.0 0.0 0.0 0.0 0.0 0.0 0.0 0.0 0.0 0.0 0.0 1.935 1.935 1.935 1.935 1.935 1.924 1.922 1.92 1.917 1.916 1.914 1.912 1.911 1.91 1.909 1.908 1.907 
0.0 0.0 0.0 0.0 0.0 0.0 0.0 0.0 0.0 0.0 0.0 0.0 0.0 0.0 0.0 0.0 0.0 0.0 0.0 0.0 0.0 0.0 0.0 0.0 0.0 0.0 0.0 0.0 0.0 0.0 0.0 0.0 0.0 0.0 0.0 0.0 0.0 0.0 0.0 0.0 0.0 0.0 0.0 0.0 0.0 0.0 0.0 0.0 0.0 0.0 0.0 0.0 0.0 0.0 0.0 0.0 0.0 0.0 1.931 1.931 1.92 1.918 1.916 1.914 1.912 1.911 1.909 1.908 1.907 1.907 
0.0 0.0 0.0 0.0 0.0 0.0 0.0 0.0 0.0 0.0 0.0 0.0 0.0 0.0 0.0 0.0 0.0 0.0 0.0 0.0 0.0 0.0 0.0 0.0 0.0 0.0 0.0 0.0 0.0 0.0 0.0 0.0 0.0 0.0 0.0 0.0 0.0 0.0 0.0 0.0 0.0 0.0 0.0 0.0 0.0 0.0 0.0 0.0 0.0 0.0 0.0 0.0 0.0 0.0 0.0 0.0 0.0 0.0 0.0 0.0 1.927 1.927 1.917 1.914 1.912 1.91 1.909 1.908 1.907 1.906 
0.0 0.0 0.0 0.0 0.0 0.0 0.0 0.0 0.0 0.0 0.0 0.0 0.0 0.0 0.0 0.0 0.0 0.0 0.0 0.0 0.0 0.0 0.0 0.0 0.0 0.0 0.0 0.0 0.0 0.0 0.0 0.0 0.0 0.0 0.0 0.0 0.0 0.0 0.0 0.0 0.0 0.0 0.0 0.0 0.0 0.0 0.0 0.0 0.0 0.0 0.0 0.0 0.0 0.0 0.0 0.0 0.0 0.0 0.0 0.0 0.0 1.922 1.922 1.922 1.922 1.912 1.91 1.908 1.907 1.906 
